0.0,0.0,0.0,0.0,0
0.0,0.0,0.0,0.0,0
0.0,0.0,0.0,0.0,12
0.0,0.0,0.0,0.0,26
0.0,0.0,0.0,0.0,37
0.0,0.0,0.0,0.0,50
0.0,0.0,0.0,0.0,62
0.0,0.0,0.0,0.0,73
0.0,0.0,0.0,0.0,88
0.0,0.0,0.0,0.0,103
0.0,0.0,0.0,0.0,116
0.0,0.0,0.0,0.0,160
0.0,0.0,0.0,0.0,173
0.0,0.0,0.0,0.0,185
0.0,0.0,0.0,0.0,200
0.0,0.0,0.0,0.0,211
0.0,0.0,0.0,0.0,223
0.0,0.0,0.0,0.0,235
0.0,0.0,0.0,0.0,247
0.0,0.0,0.0,0.0,263
0.0,0.0,0.0,0.0,283
0.0,0.0,0.0,0.0,303
0.0,-0.109375,0.0,0.0,323
0.0,-0.1484375,0.0,0.0,343
0.0,-0.2109375,0.0,0.0,363
0.0,-0.3671875,0.0,0.0,398
0.0,-0.4140625,0.0,0.0,411
0.0,-0.4765625,0.0,0.0,425
0.0,-0.5078125,0.0,0.0,443
0.0,-0.5078125,0.0,0.0,463
0.0,-0.53125,0.0,0.0,483
0.0,-0.5546875,0.0,0.0,504
0.0,-0.5625,0.0,0.0,523
0.0,-0.5625,0.0,0.0,544
0.0,-0.5703125,0.0,0.0,563
0.0,-0.5859375,0.0,0.0,584
0.0,-0.5859375,0.0,0.0,603
0.0,-0.5859375,0.0,0.0,640
0.0,-0.59375,0.0,0.0,657
0.0,-0.6015625,0.0,0.0,672
0.0,-0.6015625,0.0,0.0,685
0.0,-0.6015625,0.0,0.0,703
0.0,-0.6015625,0.0,0.0,723
0.0,-0.6015625,0.0,0.0,743
0.0,-0.6015625,0.0,0.0,763
0.0,-0.6015625,0.0,0.0,783
0.0,-0.6015625,0.0,0.0,803
0.0,-0.6015625,0.0,0.0,823
0.0,-0.6015625,0.0,0.0,844
0.0,-0.6015625,0.0,0.0,878
0.0,-0.6015625,0.0,0.0,893
0.0,-0.6015625,0.0,0.0,907
0.0,-0.6015625,0.0,0.0,924
0.0,-0.609375,0.0,0.0,943
0.0,-0.609375,0.0,0.0,963
0.0,-0.609375,0.0,0.0,983
0.0,-0.609375,0.0,0.0,1004
0.0,-0.609375,0.0,0.0,1023
0.0,-0.609375,0.0,0.0,1043
0.0,-0.609375,0.0,0.0,1064
0.0,-0.609375,0.0,0.0,1083
0.0,-0.609375,0.0,0.0,1156
0.0,-0.609375,0.0,0.0,1172
0.0,-0.609375,0.0,0.0,1185
0.0,-0.609375,0.0,0.0,1200
0.0,-0.609375,0.0,0.0,1215
0.0,-0.609375,0.0,0.0,1225
0.0,-0.609375,0.0,0.0,1236
0.0,-0.609375,0.0,0.0,1249
0.0,-0.609375,0.0,0.0,1263
0.0,-0.609375,0.0,0.0,1283
0.0,-0.609375,0.0,0.0,1303
0.0,-0.609375,0.0,0.0,1323
0.0,-0.609375,0.0,0.0,1363
0.0,-0.6015625,0.0,0.0,1376
0.0,-0.6015625,0.0,0.0,1394
0.0,-0.6015625,0.0,0.0,1405
0.0,-0.6015625,0.0,0.0,1423
0.0,-0.6015625,0.0,0.0,1443
0.0,-0.6015625,0.0,0.0,1463
0.0,-0.6015625,0.0,0.0,1483
0.0,-0.6015625,0.0,0.0,1503
0.0,-0.6015625,0.0,0.0,1523
0.0,-0.6015625,0.0,0.0,1543
0.0,-0.6015625,0.0,0.0,1563
0.0,-0.6015625,0.0,0.0,1597
0.0,-0.6015625,0.0,0.0,1608
0.0,-0.6015625,0.0,0.0,1624
0.0,-0.6015625,0.0,0.0,1643
0.0,-0.6015625,0.0,0.0,1664
0.0,-0.5859375,0.0,0.0,1683
0.0,-0.5859375,0.0,0.0,1703
0.0,-0.5625,0.0,0.0,1723
0.0,-0.5625,0.0,0.0,1743
0.0,-0.5625,0.0,0.0,1763
0.0,-0.5625,0.0,0.0,1783
0.0,-0.5625,0.0,0.0,1803
0.0,-0.5625,0.0,0.0,1843
0.0,-0.5625,0.0,0.0,1855
0.0,-0.5625,0.0,0.0,1868
0.0,-0.5625,0.0,0.0,1883
0.0,-0.5625,0.0,0.0,1903
0.0,-0.5625,0.0,0.0,1923
0.0,-0.5625,0.0,0.0,1943
0.0,-0.5625,0.0,0.0,1963
0.0,-0.5625,0.0,0.0,1983
0.0,-0.5625,0.0,0.0,2003
0.0,-0.5625,0.0,0.0,2024
0.0,-0.5625,0.0,0.0,2043
0.0,-0.5625,0.0,0.0,2081
0.0,-0.5625,0.0,0.0,2093
0.0,-0.5625,0.0,0.0,2105
0.0,-0.5625,0.0,0.0,2123
0.0,-0.5625,0.0,0.0,2143
0.0,-0.5625,0.0,0.0,2163
0.0,-0.5625,0.0,0.0,2183
0.0,-0.5625,0.0,0.0,2203
0.0,-0.5625,0.0,0.0,2223
0.0,-0.5625,0.0,0.0,2243
0.0,-0.5625,0.0,0.0,2263
0.0,-0.5625,0.0,0.0,2283
0.0,-0.5625,0.0,0.0,2366
0.0,-0.5625,0.0,0.0,2377
0.0,-0.5625,0.0,0.0,2394
0.0,-0.5703125,0.0,0.0,2405
0.0,-0.5703125,0.0,0.0,2418
0.0,-0.5703125,0.0,0.0,2431
0.0,-0.5703125,0.0,0.0,2444
0.0,-0.5703125,0.0,0.0,2458
0.0,-0.5703125,0.0,0.0,2470
0.0,-0.5703125,0.0,0.0,2485
0.0,-0.5703125,0.0,0.0,2503
0.0,-0.5703125,0.0,0.0,2523
0.0,-0.5703125,0.0,0.0,2563
0.0,-0.5703125,0.0,0.0,2577
0.0,-0.5703125,0.0,0.0,2591
0.0,-0.5703125,0.0,0.0,2608
0.0,-0.5703125,0.0,0.0,2624
0.0,-0.5703125,0.0,0.0,2643
0.0,-0.5703125,0.0,0.0,2677
0.0,-0.5703125,0.0,0.0,2698
0.0,-0.5703125,0.0,0.0,2711
0.0,-0.5703125,0.0,0.0,2725
0.0,-0.5703125,0.0,0.0,2743
0.0,-0.5703125,0.0,0.0,2764
0.0,-0.5703125,0.0,0.0,2810
0.0,-0.5703125,0.0,0.0,2820
0.0,-0.5703125,0.0,0.0,2833
0.0,-0.5703125,0.0,0.0,2845
0.0,-0.5703125,0.0,0.0,2863
0.0,-0.5703125,0.0,0.0,2883
0.0,-0.5703125,0.0,0.0,2904
0.0,-0.5703125,0.0,0.0,2924
0.0,-0.5703125,0.0,0.0,2943
0.0,-0.5703125,0.0,0.0,2963
0.0,-0.5703125,0.0,0.0,2983
0.0,-0.5703125,0.0,0.0,3003
0.0,-0.5703125,0.0,0.0,3033
0.0,-0.5703125,0.0,0.0,3050
0.0,-0.5703125,0.0,0.0,3065
0.0,-0.5703125,0.0,0.0,3083
0.0,-0.5703125,0.0,0.0,3103
0.0,-0.5703125,0.0,0.0,3123
0.0,-0.5703125,0.0,0.0,3144
0.0,-0.5703125,0.0,0.0,3164
0.0,-0.5703125,0.0,0.0,3184
0.0,-0.5703125,0.0,0.0,3203
0.0,-0.5703125,0.0,0.0,3223
0.0,-0.5703125,0.0,0.0,3243
0.0,-0.5703125,0.0,0.0,3272
0.0,-0.5703125,0.0,0.0,3289
0.0,-0.5703125,0.0,0.0,3303
0.0,-0.5703125,0.0,0.0,3323
0.0,-0.5703125,0.0,0.0,3343
0.0,-0.5703125,0.0,0.0,3363
0.0,-0.5703125,0.0,0.0,3383
0.0,-0.5703125,0.0,0.0,3403
0.0,-0.5703125,0.0,0.0,3423
0.0,-0.5703125,0.0,0.0,3443
0.0,-0.5703125,0.0,0.0,3463
0.0,-0.5703125,0.0,0.0,3483
0.0,-0.5703125,0.0,0.0,3566
0.0,-0.5703125,0.0,0.0,3578
0.0,-0.5703125,0.0,0.0,3596
0.0,-0.5703125,0.0,0.0,3610
0.0,-0.5703125,0.0,0.0,3623
0.0,-0.5703125,0.0,0.0,3640
0.0,-0.5703125,0.0,0.0,3651
0.0,-0.5703125,0.0,0.0,3663
0.0,-0.5703125,0.0,0.0,3678
0.0,-0.5703125,0.0,0.0,3691
0.0,-0.5703125,0.0,0.0,3706
0.0,-0.5703125,0.0,0.0,3723
0.0,-0.5703125,0.0,0.0,3766
0.0,-0.5703125,0.0,0.0,3778
0.0,-0.5703125,0.0,0.0,3792
0.0,-0.5703125,0.0,0.0,3807
0.0,-0.5703125,0.0,0.0,3823
0.0,-0.5703125,0.0,0.0,3843
0.0,-0.53125,0.0,0.0,3863
0.0,-0.53125,0.0,0.0,3884
0.0,-0.421875,0.0,0.0,3904
0.0,0.0,0.0,0.0,3924
0.0,0.0,0.0,0.0,3944
0.0,0.0,0.0,0.0,3963
0.0,0.0,0.0,0.0,3999
0.0,0.0,0.0,0.0,4010
0.0,0.0,0.0,0.0,4025
0.0,0.0,0.0,0.0,4043
0.0,0.0,0.0,0.0,4063
0.0,0.0,0.0,0.0,4083
0.0,0.0,0.0,0.0,4103
0.0,0.0,0.0,0.0,4123
0.0,0.0,0.0,0.0,4143
0.0,0.0,0.0,0.0,4163
0.0,0.0,0.0,0.0,4183
0.0,0.0,0.0,0.0,4203
0.0,0.0,0.0,0.0,4236
0.0,0.0,0.0,0.0,4247
0.0,0.0,0.0,0.0,4264
0.0,0.0,0.0,0.0,4284
0.0,0.0,0.0,0.0,4304
0.0,0.0,0.0,0.0,4324
0.0,0.0,0.0,0.0,4343
0.0,0.0,0.0,0.0,4363